detection_classes
[2 4 3 2 2 3 3 1 4 4 1 1 1 1 1 1 1 1 1 1 1 1 1 1 1 1 1 1 1 1 1 1 1 1 1 1 1
 1 1 1 1 1 1 1 1 1 1 1 1 1 1 1 1 1 1 1 1 1 1 1 1 1 1 1 1 1 1 1 1 1 1 1 1 1
 1 1 1 1 1 1 1 1 1 1 1 1 1 1 1 1 1 1 1 1 1 1 1 1 1 1] 
detection_scores
[0.9998442  0.9998198  0.999782   0.9995702  0.99953616 0.9991528
 0.9988882  0.9977476  0.99551314 0.965862   0.         0.
 0.         0.         0.         0.         0.         0.
 0.         0.         0.         0.         0.         0.
 0.         0.         0.         0.         0.         0.
 0.         0.         0.         0.         0.         0.
 0.         0.         0.         0.         0.         0.
 0.         0.         0.         0.         0.         0.
 0.         0.         0.         0.         0.         0.
 0.         0.         0.         0.         0.         0.
 0.         0.         0.         0.         0.         0.
 0.         0.         0.         0.         0.         0.
 0.         0.         0.         0.         0.         0.
 0.         0.         0.         0.         0.         0.
 0.         0.         0.         0.         0.         0.
 0.         0.         0.         0.         0.         0.
 0.         0.         0.         0.        ]
detection_boxes
[[0.3804775  0.28498903 0.5429731  0.52318376]
 [0.14609653 0.45437613 0.46828985 0.6386098 ]
 [0.7035703  0.6617642  0.95009965 0.8936984 ]
 [0.35166177 0.7025769  0.50998163 0.9687464 ]
 [0.57681155 0.30437958 0.9056438  0.44016898]
 [0.04796218 0.54855764 0.21400726 0.7888198 ]
 [0.02102523 0.2052608  0.3472039  0.4069295 ]
 [0.43910193 0.64343673 0.62544847 0.79433924]
 [0.63609564 0.12236098 0.94802415 0.3392783 ]
 [0.04921061 0.09909081 0.4068062  0.21316507]
 [0.         0.         0.         0.        ]
 [0.         0.         0.         0.        ]
 [0.         0.         0.         0.        ]
 [0.         0.         0.         0.        ]
 [0.         0.         0.         0.        ]
 [0.         0.         0.         0.        ]
 [0.         0.         0.         0.        ]
 [0.         0.         0.         0.        ]
 [0.         0.         0.         0.        ]
 [0.         0.         0.         0.        ]
 [0.         0.         0.         0.        ]
 [0.         0.         0.         0.        ]
 [0.         0.         0.         0.        ]
 [0.         0.         0.         0.        ]
 [0.         0.         0.         0.        ]
 [0.         0.         0.         0.        ]
 [0.         0.         0.         0.        ]
 [0.         0.         0.         0.        ]
 [0.         0.         0.         0.        ]
 [0.         0.         0.         0.        ]
 [0.         0.         0.         0.        ]
 [0.         0.         0.         0.        ]
 [0.         0.         0.         0.        ]
 [0.         0.         0.         0.        ]
 [0.         0.         0.         0.        ]
 [0.         0.         0.         0.        ]
 [0.         0.         0.         0.        ]
 [0.         0.         0.         0.        ]
 [0.         0.         0.         0.        ]
 [0.         0.         0.         0.        ]
 [0.         0.         0.         0.        ]
 [0.         0.         0.         0.        ]
 [0.         0.         0.         0.        ]
 [0.         0.         0.         0.        ]
 [0.         0.         0.         0.        ]
 [0.         0.         0.         0.        ]
 [0.         0.         0.         0.        ]
 [0.         0.         0.         0.        ]
 [0.         0.         0.         0.        ]
 [0.         0.         0.         0.        ]
 [0.         0.         0.         0.        ]
 [0.         0.         0.         0.        ]
 [0.         0.         0.         0.        ]
 [0.         0.         0.         0.        ]
 [0.         0.         0.         0.        ]
 [0.         0.         0.         0.        ]
 [0.         0.         0.         0.        ]
 [0.         0.         0.         0.        ]
 [0.         0.         0.         0.        ]
 [0.         0.         0.         0.        ]
 [0.         0.         0.         0.        ]
 [0.         0.         0.         0.        ]
 [0.         0.         0.         0.        ]
 [0.         0.         0.         0.        ]
 [0.         0.         0.         0.        ]
 [0.         0.         0.         0.        ]
 [0.         0.         0.         0.        ]
 [0.         0.         0.         0.        ]
 [0.         0.         0.         0.        ]
 [0.         0.         0.         0.        ]
 [0.         0.         0.         0.        ]
 [0.         0.         0.         0.        ]
 [0.         0.         0.         0.        ]
 [0.         0.         0.         0.        ]
 [0.         0.         0.         0.        ]
 [0.         0.         0.         0.        ]
 [0.         0.         0.         0.        ]
 [0.         0.         0.         0.        ]
 [0.         0.         0.         0.        ]
 [0.         0.         0.         0.        ]
 [0.         0.         0.         0.        ]
 [0.         0.         0.         0.        ]
 [0.         0.         0.         0.        ]
 [0.         0.         0.         0.        ]
 [0.         0.         0.         0.        ]
 [0.         0.         0.         0.        ]
 [0.         0.         0.         0.        ]
 [0.         0.         0.         0.        ]
 [0.         0.         0.         0.        ]
 [0.         0.         0.         0.        ]
 [0.         0.         0.         0.        ]
 [0.         0.         0.         0.        ]
 [0.         0.         0.         0.        ]
 [0.         0.         0.         0.        ]
 [0.         0.         0.         0.        ]
 [0.         0.         0.         0.        ]
 [0.         0.         0.         0.        ]
 [0.         0.         0.         0.        ]
 [0.         0.         0.         0.        ]
 [0.         0.         0.         0.        ]]